#119 bohaterow
#Low ranks
27.14
25.28
24.76
24.49
23.27
22.01
20.60
17.95
17.66
17.46
16.72
16.11
15.86
15.12
15.00
14.39
14.25
13.92
13.23
13.15
13.08
12.69
12.14
11.80
11.26
10.93
10.87
10.79
10.54
10.40
10.38
10.36
10.27
10.19
10.19
10.14
10.02
10.02
9.90
9.88
9.69
9.41
9.07
9.05
8.99
8.95
8.86
8.76
8.74
8.62
8.54
8.53
8.32
7.95
7.87
7.83
7.60
7.54
7.37
7.15
7.13
7.12
7.10
6.78
6.48
6.27
6.18
6.17
5.89
5.88
5.84
5.79
5.76
5.66
5.60
5.52
5.50
5.45
5.42
5.40
5.33
4.96
4.88
4.81
4.80
4.75
4.66
4.60
4.50
4.49
4.10
4.03
3.67
3.56
3.47
3.45
3.36
3.35
3.32
3.26
3.24
3.18
3.17
3.04
2.84
2.77
2.55
2.43
2.41
2.37
2.23
2.02
2.02
1.72
1.68
1.56
1.53
1.00
0.97
#
#Archon
26.41
24.25
24.12
22.82
18.65
18.60
17.35
16.37
16.16
16.16
15.35
15.15
14.54
14.52
14.38
14.28
14.00
13.90
13.86
13.61
13.56
13.03
12.87
12.30
12.07
11.95
11.37
11.08
10.90
10.66
10.56
10.49
10.37
10.11
10.10
10.06
9.91
9.91
9.89
9.62
9.54
9.38
9.28
9.23
9.08
8.63
8.58
8.51
8.38
8.34
8.26
8.24
8.20
8.13
8.04
8.00
7.90
7.78
7.69
7.69
7.50
7.35
7.06
7.01
6.99
6.90
6.88
6.65
6.64
6.63
6.56
6.47
6.41
6.20
5.98
5.91
5.75
5.74
5.61
5.61
5.45
5.28
4.99
4.98
4.92
4.85
4.76
4.68
4.50
4.43
4.39
4.22
4.16
4.14
3.84
3.79
3.76
3.68
3.68
3.62
3.60
3.54
3.31
3.30
3.27
3.18
3.18
2.90
2.61
2.49
2.49
2.41
2.25
1.99
1.85
1.76
1.54
1.17
1.06
#
#Legenda
23.43
22.36
22.01
21.06
18.12
18.12
16.74
16.69
16.01
15.02
14.87
14.32
14.19
14.11
13.87
13.79
13.48
13.39
13.17
13.16
13.14
13.13
13.12
12.94
12.90
12.80
12.76
12.70
12.09
11.95
11.82
11.36
11.24
10.56
10.21
10.20
10.07
9.90
9.89
9.85
9.78
9.76
9.72
9.60
9.51
9.41
9.27
9.13
9.08
8.97
8.73
8.46
7.94
7.78
7.74
7.66
7.47
7.44
7.39
7.36
7.28
7.24
7.23
7.02
6.99
6.97
6.94
6.74
6.67
6.57
6.49
6.26
5.82
5.80
5.75
5.51
5.36
5.35
5.35
5.24
5.18
5.16
5.13
5.05
4.99
4.97
4.91
4.90
4.74
4.70
4.62
4.57
4.50
4.47
4.43
4.40
4.29
4.14
4.08
4.01
3.73
3.66
3.39
3.30
3.08
3.07
2.79
2.67
2.61
2.54
2.40
2.24
2.01
1.98
1.92
1.78
1.58
1.42
1.23
#
#Ancient
21.14
20.73
18.72
18.59
17.84
17.66
17.44
16.99
16.77
15.92
15.21
14.90
14.87
14.74
14.41
14.09
14.03
13.86
13.76
12.90
12.87
12.63
12.55
12.12
12.06
12.01
11.68
11.54
11.53
11.36
11.31
11.09
11.01
10.99
10.94
10.90
10.82
10.81
10.66
10.22
9.84
9.68
9.12
9.08
8.97
8.90
8.81
8.75
8.70
8.64
8.55
8.52
8.50
8.47
8.28
8.26
8.23
8.21
7.99
7.97
7.58
7.40
7.31
7.24
7.10
6.98
6.85
6.77
6.59
6.55
6.45
6.38
6.38
6.24
6.19
6.15
6.08
6.03
5.96
5.84
5.74
5.72
5.65
5.62
5.24
4.99
4.57
4.53
4.46
4.45
4.41
4.37
4.36
4.31
4.29
4.22
4.14
3.95
3.89
3.79
3.51
3.50
3.20
3.14
3.00
2.95
2.89
2.85
2.79
2.70
2.48
2.46
2.25
1.99
1.90
1.71
1.68
1.63
1.50
#
#divine
22.80
22.53
21.91
20.43
19.48
19.01
18.17
17.82
16.21
15.14
14.86
14.63
14.48
14.44
14.35
14.25
13.83
13.28
13.26
12.81
12.78
12.77
12.67
12.55
12.47
12.16
12.04
11.96
11.82
11.69
11.60
11.02
11.02
10.97
10.59
10.51
10.43
10.42
10.32
10.14
10.06
9.96
9.93
9.74
9.62
9.59
9.48
9.46
9.39
8.99
8.93
8.56
8.52
8.44
8.34
7.85
7.84
7.65
7.41
7.33
7.23
7.18
7.17
7.15
7.11
7.08
6.78
6.77
6.54
6.30
5.98
5.97
5.89
5.87
5.86
5.85
5.78
5.68
5.63
5.54
5.45
5.37
5.24
5.08
5.05
4.97
4.95
4.82
4.53
4.52
4.41
4.41
4.27
4.21
3.55
3.43
3.29
3.16
3.13
3.11
3.11
3.00
2.99
2.96
2.93
2.92
2.91
2.88
2.79
2.57
2.21
2.10
2.00
1.99
1.87
1.71
1.43
1.37
1.28